/home/he.1773/miniconda2/envs/FairGraph
/home/he.1773/miniconda2/envs/FairGraph/bin/python
storage17
*********baselines facebook*********
2021-09-06 12:21:58,329 import time, argparse, os, json
2021-09-06 12:21:58,329 set no gpu for use in tensorflow
2021-09-06 12:21:58.569593: W tensorflow/stream_executor/platform/default/dso_loader.cc:60] Could not load dynamic library 'libcudart.so.11.0'; dlerror: libcudart.so.11.0: cannot open shared object file: No such file or directory
2021-09-06 12:21:58.569626: I tensorflow/stream_executor/cuda/cudart_stub.cc:29] Ignore above cudart dlerror if you do not have a GPU set up on your machine.
2021-09-06 12:22:14,299 From /home/he.1773/miniconda2/envs/FairGraph/lib/python3.8/site-packages/tensorflow/python/compat/v2_compat.py:96: disable_resource_variables (from tensorflow.python.ops.variable_scope) is deprecated and will be removed in a future version.
Instructions for updating:
non-resource variables are not supported in the long term
2021-09-06 12:22:14,299 import tensorflow.compat.v1
2021-09-06 12:22:14,363 import numpy, scipy, singledispatch
2021-09-06 12:22:15,845 import sklearn
/home/he.1773/miniconda2/envs/FairGraph/lib/python3.8/site-packages/gensim/similarities/__init__.py:15: UserWarning: The gensim.similarities.levenshtein submodule is disabled, because the optional Levenshtein package <https://pypi.org/project/python-Levenshtein/> is unavailable. Install Levenhstein (e.g. `pip install python-Levenshtein`) to suppress this warning.
  warnings.warn(msg)
2021-09-06 12:22:19,017 import baseline methods
2021-09-06 12:22:19,017 import networkx, entropy, cosine_similarity
2021-09-06 12:22:19,081 import metrics, preprocess.read_data
2021-09-06 12:22:19,467 get_data function selected
2021-09-06 12:22:19,917 get_data
2021-09-06 12:22:19,918 InFoRM: learning_rate=0.025, alpha=0.5
2021-09-06 12:22:19,974 inform: initialize
2021-09-06 13:13:39,882 inform: train
2021-09-06 13:13:40,570 inform: result
2021-09-06 13:13:40,640 inform: initialize
2021-09-06 14:00:53,124 inform: train
2021-09-06 14:00:53,784 inform: result
2021-09-06 14:00:53,855 inform: initialize
2021-09-06 14:48:54,168 inform: train
2021-09-06 14:48:54,833 inform: result
2021-09-06 14:48:54,902 inform: initialize
2021-09-06 15:36:18,966 inform: train
2021-09-06 15:36:19,659 inform: result
2021-09-06 15:36:19,728 inform: initialize
2021-09-06 16:30:35,263 inform: train
2021-09-06 16:30:35,957 inform: result
2021-09-06 16:30:35,957 InFoRM: learning_rate=0.1, alpha=0.5
2021-09-06 16:30:36,030 inform: initialize
2021-09-06 16:42:37,416 inform: train
2021-09-06 16:42:38,091 inform: result
2021-09-06 16:42:38,161 inform: initialize
2021-09-06 16:54:30,002 inform: train
2021-09-06 16:54:30,666 inform: result
2021-09-06 16:54:30,735 inform: initialize
2021-09-06 17:05:06,323 inform: train
2021-09-06 17:05:07,000 inform: result
2021-09-06 17:05:07,079 inform: initialize
2021-09-06 17:17:01,689 inform: train
2021-09-06 17:17:02,360 inform: result
2021-09-06 17:17:02,431 inform: initialize
2021-09-06 17:27:41,382 inform: train
2021-09-06 17:27:42,051 inform: result
2021-09-06 17:27:42,051 InFoRM: learning_rate=0.5, alpha=0.5
2021-09-06 17:27:42,120 inform: initialize
2021-09-06 17:39:46,865 inform: train
2021-09-06 17:39:47,546 inform: result
2021-09-06 17:39:47,605 inform: initialize
2021-09-06 17:49:01,687 inform: train
2021-09-06 17:49:02,349 inform: result
2021-09-06 17:49:02,407 inform: initialize
2021-09-06 18:01:51,194 inform: train
2021-09-06 18:01:51,866 inform: result
2021-09-06 18:01:51,923 inform: initialize
2021-09-06 18:11:40,948 inform: train
2021-09-06 18:11:41,629 inform: result
2021-09-06 18:11:41,688 inform: initialize
2021-09-06 18:25:11,774 inform: train
2021-09-06 18:25:12,442 inform: result
2021-09-06 18:25:12,447 embed_inform
[[0.73105858 0.7228497  0.41213429 ... 0.42555799 0.47108992 0.48216906]
 [0.7228497  0.73105858 0.43288797 ... 0.4402575  0.46798696 0.45521676]
 [0.41213429 0.43288797 0.73105858 ... 0.54555859 0.43810863 0.41363613]
 ...
 [0.42555799 0.4402575  0.54555859 ... 0.73105858 0.52425016 0.44280626]
 [0.47108992 0.46798696 0.43810863 ... 0.52425016 0.73105858 0.52119869]
 [0.48216906 0.45521676 0.41363613 ... 0.44280626 0.52119869 0.73105858]]
Model: [1.3320442889985227,9.305501886583933e-06]
[[0.73105858 0.72666385 0.42192674 ... 0.49548939 0.45622314 0.47188097]
 [0.72666385 0.73105858 0.44563555 ... 0.49525816 0.45456228 0.45292284]
 [0.42192674 0.44563555 0.73105858 ... 0.48899377 0.45079085 0.35928505]
 ...
 [0.49548939 0.49525816 0.48899377 ... 0.73105858 0.5120393  0.52273989]
 [0.45622314 0.45456228 0.45079085 ... 0.5120393  0.73105858 0.58705031]
 [0.47188097 0.45292284 0.35928505 ... 0.52273989 0.58705031 0.73105858]]
Model: [1.330425950103703,1.0905613654766206e-05]
[[0.73105858 0.71228897 0.4238888  ... 0.48464687 0.4070968  0.43679736]
 [0.71228897 0.73105858 0.45297154 ... 0.46331945 0.4165539  0.40087914]
 [0.4238888  0.45297154 0.73105858 ... 0.35774976 0.57679416 0.36684111]
 ...
 [0.48464687 0.46331945 0.35774976 ... 0.73105858 0.4495607  0.62938382]
 [0.4070968  0.4165539  0.57679416 ... 0.4495607  0.73105858 0.49397677]
 [0.43679736 0.40087914 0.36684111 ... 0.62938382 0.49397677 0.73105858]]
Model: [1.3316667790160002,1.2018594676961863e-05]
[[0.73105858 0.72373145 0.40293959 ... 0.47015447 0.45759567 0.44492554]
 [0.72373145 0.73105858 0.42277431 ... 0.44815497 0.44890036 0.41317699]
 [0.40293959 0.42277431 0.73105858 ... 0.3417857  0.41187827 0.38921462]
 ...
 [0.47015447 0.44815497 0.3417857  ... 0.73105858 0.60525674 0.66719151]
 [0.45759567 0.44890036 0.41187827 ... 0.60525674 0.73105858 0.58380224]
 [0.44492554 0.41317699 0.38921462 ... 0.66719151 0.58380224 0.73105858]]
Model: [1.3311200035349504,1.1228222500505762e-05]
[[0.73105858 0.72320015 0.40840808 ... 0.46256554 0.48583361 0.50629066]
 [0.72320015 0.73105858 0.42801758 ... 0.46758269 0.48210319 0.50322853]
 [0.40840808 0.42801758 0.73105858 ... 0.40255958 0.41406254 0.39615165]
 ...
 [0.46256554 0.46758269 0.40255958 ... 0.73105858 0.58159446 0.62653264]
 [0.48583361 0.48210319 0.41406254 ... 0.58159446 0.73105858 0.56574647]
 [0.50629066 0.50322853 0.39615165 ... 0.62653264 0.56574647 0.73105858]]
Model: [1.3312745176867145,1.0554825043287593e-05]
[[0.73105858 0.7228497  0.41213429 ... 0.42555799 0.47108992 0.48216906]
 [0.7228497  0.73105858 0.43288797 ... 0.4402575  0.46798696 0.45521676]
 [0.41213429 0.43288797 0.73105858 ... 0.54555859 0.43810863 0.41363613]
 ...
 [0.42555799 0.4402575  0.54555859 ... 0.73105858 0.52425016 0.44280626]
 [0.47108992 0.46798696 0.43810863 ... 0.52425016 0.73105858 0.52119869]
 [0.48216906 0.45521676 0.41363613 ... 0.44280626 0.52119869 0.73105858]]
Model: [1.3320442889985227,9.305501886583933e-06]
[[0.73105858 0.72666385 0.42192674 ... 0.49548939 0.45622314 0.47188097]
 [0.72666385 0.73105858 0.44563555 ... 0.49525816 0.45456228 0.45292284]
 [0.42192674 0.44563555 0.73105858 ... 0.48899377 0.45079085 0.35928505]
 ...
 [0.49548939 0.49525816 0.48899377 ... 0.73105858 0.5120393  0.52273989]
 [0.45622314 0.45456228 0.45079085 ... 0.5120393  0.73105858 0.58705031]
 [0.47188097 0.45292284 0.35928505 ... 0.52273989 0.58705031 0.73105858]]
Model: [1.330425950103703,1.0905613654766206e-05]
[[0.73105858 0.71228897 0.4238888  ... 0.48464687 0.4070968  0.43679736]
 [0.71228897 0.73105858 0.45297154 ... 0.46331945 0.4165539  0.40087914]
 [0.4238888  0.45297154 0.73105858 ... 0.35774976 0.57679416 0.36684111]
 ...
 [0.48464687 0.46331945 0.35774976 ... 0.73105858 0.4495607  0.62938382]
 [0.4070968  0.4165539  0.57679416 ... 0.4495607  0.73105858 0.49397677]
 [0.43679736 0.40087914 0.36684111 ... 0.62938382 0.49397677 0.73105858]]
Model: [1.3316667790160002,1.2018594676961863e-05]
[[0.73105858 0.72373145 0.40293959 ... 0.47015447 0.45759567 0.44492554]
 [0.72373145 0.73105858 0.42277431 ... 0.44815497 0.44890036 0.41317699]
 [0.40293959 0.42277431 0.73105858 ... 0.3417857  0.41187827 0.38921462]
 ...
 [0.47015447 0.44815497 0.3417857  ... 0.73105858 0.60525674 0.66719151]
 [0.45759567 0.44890036 0.41187827 ... 0.60525674 0.73105858 0.58380224]
 [0.44492554 0.41317699 0.38921462 ... 0.66719151 0.58380224 0.73105858]]
Model: [1.3311200035349504,1.1228222500505762e-05]
[[0.73105858 0.72320015 0.40840808 ... 0.46256554 0.48583361 0.50629066]
 [0.72320015 0.73105858 0.42801758 ... 0.46758269 0.48210319 0.50322853]
 [0.40840808 0.42801758 0.73105858 ... 0.40255958 0.41406254 0.39615165]
 ...
 [0.46256554 0.46758269 0.40255958 ... 0.73105858 0.58159446 0.62653264]
 [0.48583361 0.48210319 0.41406254 ... 0.58159446 0.73105858 0.56574647]
 [0.50629066 0.50322853 0.39615165 ... 0.62653264 0.56574647 0.73105858]]
Model: [1.3312745176867145,1.0554825043287593e-05]
[[0.73105858 0.56967804 0.48868132 ... 0.55912822 0.54957871 0.54318665]
 [0.56967804 0.73105858 0.4052302  ... 0.4871349  0.56223956 0.6002868 ]
 [0.48868132 0.4052302  0.73105858 ... 0.40587765 0.47197102 0.4166406 ]
 ...
 [0.55912822 0.4871349  0.40587765 ... 0.73105858 0.52071888 0.53798861]
 [0.54957871 0.56223956 0.47197102 ... 0.52071888 0.73105858 0.51724005]
 [0.54318665 0.6002868  0.4166406  ... 0.53798861 0.51724005 0.73105858]]
Model: [1.3710737329194622,2.6140868220840197e-06]
[[0.73105858 0.69915169 0.47110332 ... 0.56324063 0.51047348 0.46688127]
 [0.69915169 0.73105858 0.48776544 ... 0.51003496 0.50169793 0.48607529]
 [0.47110332 0.48776544 0.73105858 ... 0.39588314 0.57000039 0.56551385]
 ...
 [0.56324063 0.51003496 0.39588314 ... 0.73105858 0.45720171 0.46508751]
 [0.51047348 0.50169793 0.57000039 ... 0.45720171 0.73105858 0.48937823]
 [0.46688127 0.48607529 0.56551385 ... 0.46508751 0.48937823 0.73105858]]
Model: [1.379064461248245,1.7725010152983307e-06]
[[0.73105858 0.68449    0.51689783 ... 0.5708386  0.60956197 0.49380788]
 [0.68449    0.73105858 0.53399728 ... 0.58518272 0.58840728 0.50065893]
 [0.51689783 0.53399728 0.73105858 ... 0.42817606 0.57077875 0.47314845]
 ...
 [0.5708386  0.58518272 0.42817606 ... 0.73105858 0.55260651 0.45088942]
 [0.60956197 0.58840728 0.57077875 ... 0.55260651 0.73105858 0.51247173]
 [0.49380788 0.50065893 0.47314845 ... 0.45088942 0.51247173 0.73105858]]
Model: [1.374917120075886,1.3376902837556024e-06]
[[0.73105858 0.55114924 0.49239614 ... 0.51555038 0.52768854 0.47157256]
 [0.55114924 0.73105858 0.57661668 ... 0.5979813  0.49132173 0.45771143]
 [0.49239614 0.57661668 0.73105858 ... 0.58680936 0.41773395 0.42398396]
 ...
 [0.51555038 0.5979813  0.58680936 ... 0.73105858 0.42237512 0.43501785]
 [0.52768854 0.49132173 0.41773395 ... 0.42237512 0.73105858 0.57549997]
 [0.47157256 0.45771143 0.42398396 ... 0.43501785 0.57549997 0.73105858]]
Model: [1.3882892668964908,3.223289927011838e-07]
[[0.73105858 0.58931231 0.48575459 ... 0.53678813 0.55714798 0.51233553]
 [0.58931231 0.73105858 0.45185282 ... 0.60109141 0.6216998  0.5778309 ]
 [0.48575459 0.45185282 0.73105858 ... 0.50892152 0.47211139 0.47517592]
 ...
 [0.53678813 0.60109141 0.50892152 ... 0.73105858 0.56090888 0.57098899]
 [0.55714798 0.6216998  0.47211139 ... 0.56090888 0.73105858 0.53106163]
 [0.51233553 0.5778309  0.47517592 ... 0.57098899 0.53106163 0.73105858]]
Model: [1.3857583081084985,4.114746541844543e-07]
